1.2530 1.6642 2.2018
1.4289 1.8925 2.5381
1.5127 2.0269 2.6758
1.7007 2.2790 2.7589
1.6570 2.2331 2.8899
1.4970 2.0147 2.7588
1.3143 1.7671 2.3280
1.1351 1.5263 1.9696
1.1903 1.5875 2.0923
1.4084 1.8777 2.4678
1.5027 2.0047 2.6737
1.5562 2.0857 2.7924
1.2720 1.7224 2.3700
1.2022 1.6204 2.1609
1.0435 1.4021 1.8562
0.9092 1.2242 1.5932
0.9580 1.2765 1.6591
1.0425 1.3897 1.8132
1.1261 1.5052 1.9845
1.1769 1.5857 2.1557
1.1493 1.5318 2.0241
1.0935 1.4864 2.0114
0.8838 1.1964 1.5888
0.8386 1.1300 1.4730
0.7322 0.9793 1.2435
0.7878 1.0521 1.3444
0.8921 1.2006 1.5516
0.8661 1.1742 1.5517
0.8826 1.1898 1.5457
0.8181 1.1038 1.4284
0.7558 1.0183 1.3004
0.6639 0.8999 1.1524
0.6299 0.8421 1.0750
0.7081 0.9454 1.1902
0.7478 1.0090 1.2856
0.7693 1.0316 1.3107
0.6262 0.8522 1.0874
0.5862 0.7876 0.9886
0.5444 0.7277 0.9180
0.4249 0.5739 0.7116
0.4533 0.6045 0.7598
0.4146 0.5539 0.6852
0.4528 0.6105 0.7713
0.5368 0.7229 0.9031
0.5258 0.7046 0.8738
0.4673 0.6273 0.7842
0.4528 0.6072 0.7553
0.4196 0.5616 0.7062
0.6371 0.8554 1.0866
0.7247 0.9773 1.2891
0.8206 1.1192 1.4993
0.8676 1.1785 1.6011
0.8681 1.1875 1.6235
0.7751 1.0565 1.4332
0.6902 0.9370 1.1895
0.5763 0.7791 1.0115
0.6263 0.8391 1.0671
0.7173 0.9655 1.2637
0.7775 1.0513 1.4029
0.8046 1.0856 1.4400
0.7022 0.9543 1.2544
0.6411 0.8756 1.1412
0.5945 0.8101 1.0697
0.4859 0.6612 0.8448
0.5080 0.6802 0.8612
0.6055 0.8195 1.0587
0.6237 0.8393 1.0782
0.6549 0.8959 1.2057
0.6318 0.8527 1.1224
0.5976 0.8136 1.0554
0.5074 0.6884 0.9087
0.4811 0.6520 0.8322
0.4127 0.5560 0.7131
0.4557 0.6124 0.7848
0.5042 0.6807 0.8891
0.5202 0.6996 0.9032
0.5071 0.6928 0.9018
0.4898 0.6588 0.8586
0.4449 0.6054 0.7784
0.3866 0.5262 0.6776
0.3592 0.4833 0.5920
0.3999 0.5387 0.6811
0.4307 0.5758 0.7411
0.4262 0.5702 0.7278
0.4102 0.5528 0.6938
0.3928 0.5295 0.6664
0.3644 0.4896 0.6109
0.3019 0.4076 0.5056
0.2843 0.3818 0.4739
0.3207 0.4312 0.5293
0.3434 0.4617 0.5769
0.3694 0.4980 0.6273
0.3332 0.4474 0.5606
0.3280 0.4354 0.5564
0.3016 0.4066 0.5128
0.2701 0.3679 0.4551
