1.2748 1.5586 2.1005
1.4447 1.7676 2.4132
1.5325 1.8897 2.5260
1.7371 2.1478 2.6439
1.7026 2.1175 2.8296
1.5473 1.9162 2.6837
1.3768 1.6881 2.2857
1.1987 1.4651 1.9553
1.2291 1.4971 2.0138
1.4389 1.7570 2.3635
1.5410 1.8876 2.5555
1.5927 1.9707 2.6902
1.3456 1.6630 2.3416
1.2816 1.5766 2.1702
1.1199 1.3729 1.8852
0.9813 1.1979 1.6196
1.0101 1.2335 1.6477
1.0959 1.3396 1.7912
1.1882 1.4525 1.9783
1.2502 1.5374 2.1569
1.2247 1.4969 2.0384
1.1733 1.4468 2.0273
0.9519 1.1705 1.6101
0.9120 1.1155 1.5097
0.7916 0.9648 1.2654
0.8521 1.0351 1.3596
0.9686 1.1826 1.5720
0.8532 1.0448 1.4248
0.9656 1.1851 1.5997
0.8986 1.1001 1.4712
0.8327 1.0159 1.3499
0.7416 0.9050 1.2015
0.6879 0.8361 1.1029
0.7757 0.9426 1.2298
0.8223 1.0023 1.3257
0.8525 1.0364 1.3612
0.7007 0.8610 1.1407
0.6616 0.8019 1.0563
0.6112 0.7379 0.9680
0.4814 0.5835 0.7605
0.5064 0.6126 0.7998
0.4707 0.5689 0.7368
0.5040 0.6123 0.8087
0.6088 0.7359 0.9546
0.5957 0.7219 0.9283
0.5313 0.6433 0.8330
0.5114 0.6193 0.8074
0.4770 0.5791 0.7498
0.6723 0.8190 1.0755
0.7575 0.9322 1.2679
0.8627 1.0655 1.4782
0.9137 1.1280 1.5834
0.9216 1.1499 1.6356
0.8345 1.0322 1.4464
0.7489 0.9231 1.2163
0.6427 0.7879 1.0505
0.6501 0.7942 1.0483
0.7436 0.9140 1.2349
0.8048 0.9950 1.3691
0.8432 1.0374 1.4247
0.7399 0.9150 1.2433
0.6650 0.8184 1.1057
0.6388 0.7870 1.0793
0.5311 0.6515 0.8703
0.5275 0.6429 0.8465
0.6293 0.7732 1.0258
0.6463 0.7906 1.0498
0.6811 0.8433 1.1710
0.6603 0.8107 1.1091
0.6352 0.7794 1.0498
0.5464 0.6660 0.9133
0.5198 0.6358 0.8487
0.4286 0.5219 0.6958
0.4738 0.5742 0.7619
0.5191 0.6383 0.8599
0.5376 0.6579 0.8822
0.5297 0.6508 0.8846
0.5151 0.6288 0.8457
0.4735 0.5805 0.7770
0.4178 0.5107 0.6855
0.3711 0.4503 0.5755
0.4118 0.5017 0.6554
0.4438 0.5372 0.7089
0.4397 0.5337 0.7027
0.4249 0.5180 0.6798
0.4121 0.5019 0.6545
0.3803 0.4647 0.6103
0.3230 0.3907 0.5103
0.2923 0.3544 0.4533
0.3279 0.3977 0.5114
0.3518 0.4285 0.5548
0.3799 0.4629 0.6056
0.3420 0.4173 0.5411
0.3376 0.4100 0.5404
0.3167 0.3842 0.5005
0.2891 0.3469 0.4562
